+------+-------+-----+--------------------+----------------+--------+-----------+-----------+----------+
| bits | alpha |  c  | run time (seconds) | avg. red. time | trials | not short | **found** | repeated |
+------+-------+-----+--------------------+----------------+--------+-----------+-----------+----------+
|  20  |  1.6  | 1.0 |        7.51        |     0.037      |  188   |    0.21   |    0.1    |   0.69   |
|  20  |  1.6  | 1.1 |       27.59        |     0.0375     |  732   |    0.19   |    0.03   |   0.79   |
|  20  |  1.6  | 1.2 |       43.98        |     0.0363     |  1206  |    0.25   |    0.02   |   0.74   |
|  20  |  1.6  | 1.3 |       52.87        |     0.036      |  1463  |    0.37   |    0.01   |   0.61   |
|  20  |  1.6  | 1.4 |       169.68       |     0.0366     |  4626  |    0.68   |    0.0    |   0.32   |
|  20  |  1.7  | 1.0 |        6.42        |     0.0638     |  100   |    0.22   |    0.24   |   0.54   |
|  20  |  1.7  | 1.1 |        5.46        |     0.0655     |   83   |    0.2    |    0.29   |   0.51   |
|  20  |  1.7  | 1.2 |        4.19        |     0.0661     |   63   |    0.41   |    0.38   |   0.21   |
|  20  |  1.7  | 1.3 |        4.46        |     0.0651     |   68   |    0.34   |    0.35   |   0.31   |
|  20  |  1.7  | 1.4 |       12.38        |     0.0655     |  188   |    0.35   |    0.13   |   0.52   |
|  20  |  1.8  | 1.0 |        9.18        |     0.0943     |   97   |    0.36   |    0.29   |   0.35   |
|  20  |  1.8  | 1.1 |        8.35        |     0.0945     |   88   |    0.27   |    0.32   |   0.41   |
|  20  |  1.8  | 1.2 |        5.82        |     0.098      |   59   |    0.36   |    0.47   |   0.17   |
|  20  |  1.8  | 1.3 |        6.46        |     0.0975     |   66   |    0.39   |    0.42   |   0.18   |
|  20  |  1.8  | 1.4 |        7.74        |     0.0976     |   79   |    0.42   |    0.35   |   0.23   |
|  20  |  1.9  | 1.0 |       10.48        |     0.145      |   72   |    0.29   |    0.47   |   0.24   |
|  20  |  1.9  | 1.1 |        9.18        |     0.1476     |   62   |    0.21   |    0.55   |   0.24   |
|  20  |  1.9  | 1.2 |       12.81        |     0.1502     |   85   |    0.46   |    0.4    |   0.14   |
|  20  |  1.9  | 1.3 |        9.61        |     0.1568     |   61   |    0.36   |    0.56   |   0.08   |
|  20  |  1.9  | 1.4 |        8.98        |     0.1568     |   57   |    0.32   |    0.6    |   0.09   |
|      |       |     |                    |                |        |           |           |          |
|  22  |  1.6  | 1.0 |       20.37        |     0.0533     |  381   |    0.49   |    0.06   |   0.46   |
|  22  |  1.6  | 1.1 |       29.92        |     0.0522     |  571   |    0.47   |    0.04   |   0.5    |
|  22  |  1.6  | 1.2 |        18.7        |     0.0475     |  392   |    0.49   |    0.05   |   0.45   |
|  22  |  1.6  | 1.3 |       32.28        |     0.0472     |  682   |    0.34   |    0.03   |   0.63   |
|  22  |  1.6  | 1.4 |       27.44        |     0.0474     |  577   |    0.47   |    0.04   |   0.49   |
|  22  |  1.7  | 1.0 |        9.81        |     0.0782     |  125   |    0.48   |    0.21   |   0.31   |
|  22  |  1.7  | 1.1 |        7.44        |     0.0804     |   92   |    0.57   |    0.28   |   0.15   |
|  22  |  1.7  | 1.2 |       10.18        |     0.0786     |  129   |    0.43   |    0.2    |   0.37   |
|  22  |  1.7  | 1.3 |        7.52        |     0.0813     |   92   |    0.47   |    0.28   |   0.25   |
|  22  |  1.7  | 1.4 |        7.07        |     0.0818     |   86   |    0.45   |    0.3    |   0.24   |
|  22  |  1.8  | 1.0 |       12.96        |     0.1231     |  105   |    0.48   |    0.3    |   0.22   |
|  22  |  1.8  | 1.1 |        9.68        |     0.1251     |   77   |    0.45   |    0.42   |   0.13   |
|  22  |  1.8  | 1.2 |       10.51        |     0.1245     |   84   |    0.43   |    0.38   |   0.19   |
|  22  |  1.8  | 1.3 |        8.94        |     0.1272     |   70   |    0.39   |    0.46   |   0.16   |
|  22  |  1.8  | 1.4 |       15.57        |     0.1223     |  127   |    0.54   |    0.25   |   0.2    |
|  22  |  1.9  | 1.0 |       12.63        |     0.1898     |   66   |    0.27   |    0.59   |   0.14   |
|  22  |  1.9  | 1.1 |       16.71        |     0.1872     |   89   |    0.44   |    0.44   |   0.12   |
|  22  |  1.9  | 1.2 |       15.54        |     0.1887     |   82   |    0.43   |    0.48   |   0.1    |
|  22  |  1.9  | 1.3 |       16.13        |     0.1892     |   85   |    0.47   |    0.46   |   0.07   |
|  22  |  1.9  | 1.4 |       19.78        |     0.1861     |  106   |    0.54   |    0.37   |   0.09   |
|      |       |     |                    |                |        |           |           |          |
|  24  |  1.6  | 1.0 |       15.13        |     0.0731     |  206   |    0.71   |    0.12   |   0.17   |
|  24  |  1.6  | 1.1 |       15.26        |     0.0735     |  207   |    0.68   |    0.12   |   0.2    |
|  24  |  1.6  | 1.2 |       42.55        |     0.072      |  589   |    0.6    |    0.04   |   0.36   |
|  24  |  1.6  | 1.3 |       49.92        |     0.0729     |  683   |    0.63   |    0.04   |   0.34   |
|  24  |  1.6  | 1.4 |       125.25       |     0.0714     |  1749  |    0.62   |    0.01   |   0.36   |
|  24  |  1.7  | 1.0 |       10.76        |     0.1277     |   84   |    0.5    |    0.38   |   0.12   |
|  24  |  1.7  | 1.1 |       16.65        |     0.1247     |  133   |    0.68   |    0.24   |   0.08   |
|  24  |  1.7  | 1.2 |       21.14        |     0.1309     |  161   |    0.67   |    0.2    |   0.13   |
|  24  |  1.7  | 1.3 |       26.53        |     0.1349     |  196   |    0.71   |    0.16   |   0.13   |
|  24  |  1.7  | 1.4 |       19.85        |     0.1338     |  148   |    0.65   |    0.22   |   0.14   |
|  24  |  1.8  | 1.0 |       16.86        |     0.191      |   88   |    0.48   |    0.43   |   0.09   |
|  24  |  1.8  | 1.1 |       19.17        |     0.1874     |  102   |    0.63   |    0.37   |   0.0    |
|  24  |  1.8  | 1.2 |       30.94        |     0.1836     |  168   |    0.7    |    0.23   |   0.07   |
|  24  |  1.8  | 1.3 |       25.13        |     0.1871     |  134   |    0.64   |    0.28   |   0.07   |
|  24  |  1.8  | 1.4 |       30.35        |     0.1858     |  163   |    0.67   |    0.23   |   0.1    |
|  24  |  1.9  | 1.0 |       41.82        |     0.296      |  141   |    0.52   |    0.34   |   0.14   |
|  24  |  1.9  | 1.1 |        34.3        |     0.3003     |  114   |    0.52   |    0.42   |   0.06   |
|  24  |  1.9  | 1.2 |       44.68        |     0.2954     |  151   |    0.62   |    0.32   |   0.07   |
|  24  |  1.9  | 1.3 |       51.64        |     0.2963     |  174   |    0.7    |    0.28   |   0.03   |
|  24  |  1.9  | 1.4 |       52.33        |     0.2951     |  177   |    0.72   |    0.27   |   0.01   |
|      |       |     |                    |                |        |           |           |          |
|  26  |  1.6  | 1.0 |       25.09        |     0.0831     |  301   |    0.76   |    0.09   |   0.15   |
|  26  |  1.6  | 1.1 |       24.79        |     0.083      |  298   |    0.76   |    0.09   |   0.16   |
|  26  |  1.6  | 1.2 |       18.76        |     0.0835     |  224   |    0.6    |    0.12   |   0.28   |
|  26  |  1.6  | 1.3 |       43.79        |     0.0822     |  531   |    0.61   |    0.05   |   0.34   |
|  26  |  1.6  | 1.4 |       75.87        |     0.081      |  934   |    0.7    |    0.03   |   0.28   |
|  26  |  1.7  | 1.0 |       15.75        |     0.1308     |  120   |    0.5    |    0.27   |   0.23   |
|  26  |  1.7  | 1.1 |       26.47        |     0.1282     |  206   |    0.7    |    0.16   |   0.14   |
|  26  |  1.7  | 1.2 |       21.64        |     0.1292     |  167   |    0.66   |    0.19   |   0.14   |
|  26  |  1.7  | 1.3 |       23.42        |     0.1297     |  180   |    0.64   |    0.18   |   0.18   |
|  26  |  1.7  | 1.4 |       39.56        |     0.1277     |  309   |    0.67   |    0.1    |   0.23   |
|  26  |  1.8  | 1.0 |       26.64        |     0.1954     |  136   |    0.59   |    0.29   |   0.12   |
|  26  |  1.8  | 1.1 |       31.03        |     0.1935     |  160   |    0.64   |    0.24   |   0.11   |
|  26  |  1.8  | 1.2 |       22.09        |     0.195      |  113   |    0.6    |    0.35   |   0.05   |
|  26  |  1.8  | 1.3 |       28.96        |     0.1952     |  148   |    0.7    |    0.26   |   0.04   |
|  26  |  1.8  | 1.4 |       34.98        |     0.1928     |  181   |    0.69   |    0.22   |   0.09   |
|  26  |  1.9  | 1.0 |       44.49        |     0.3084     |  144   |    0.51   |    0.34   |   0.15   |
|  26  |  1.9  | 1.1 |        46.9        |     0.3079     |  152   |    0.61   |    0.32   |   0.07   |
|  26  |  1.9  | 1.2 |       45.54        |     0.3071     |  148   |    0.66   |    0.33   |   0.01   |
|  26  |  1.9  | 1.3 |       56.71        |     0.306      |  185   |    0.7    |    0.26   |   0.04   |
|  26  |  1.9  | 1.4 |       55.18        |     0.3078     |  179   |    0.7    |    0.27   |   0.03   |
|      |       |     |                    |                |        |           |           |          |
|  28  |  1.6  | 1.0 |       62.95        |     0.1172     |  536   |    0.77   |    0.06   |   0.18   |
|  28  |  1.6  | 1.1 |       54.05        |     0.1175     |  459   |    0.73   |    0.07   |   0.21   |
|  28  |  1.6  | 1.2 |       41.68        |     0.1178     |  353   |    0.74   |    0.09   |   0.17   |
|  28  |  1.6  | 1.3 |        50.3        |     0.1172     |  428   |    0.86   |    0.07   |   0.07   |
|  28  |  1.6  | 1.4 |       76.94        |     0.1188     |  646   |    0.89   |    0.05   |   0.07   |
|  28  |  1.7  | 1.0 |       43.13        |     0.1715     |  251   |    0.75   |    0.15   |   0.1    |
|  28  |  1.7  | 1.1 |       35.56        |     0.1731     |  205   |    0.77   |    0.18   |   0.05   |
|  28  |  1.7  | 1.2 |       45.43        |     0.1717     |  264   |    0.77   |    0.14   |   0.09   |
|  28  |  1.7  | 1.3 |       57.59        |     0.171      |  336   |    0.82   |    0.11   |   0.07   |
|  28  |  1.7  | 1.4 |       61.27        |     0.1662     |  368   |    0.88   |    0.1    |   0.02   |
|  28  |  1.8  | 1.0 |        61.8        |     0.2843     |  217   |    0.71   |    0.22   |   0.07   |
|  28  |  1.8  | 1.1 |       58.81        |     0.2823     |  208   |    0.73   |    0.23   |   0.04   |
|  28  |  1.8  | 1.2 |       56.93        |     0.2855     |  199   |    0.72   |    0.24   |   0.04   |
|  28  |  1.8  | 1.3 |        89.1        |     0.2861     |  311   |    0.83   |    0.15   |   0.01   |
|  28  |  1.8  | 1.4 |       132.82       |     0.284      |  467   |    0.89   |    0.1    |   0.0    |
|  28  |  1.9  | 1.0 |       112.41       |     0.4509     |  249   |    0.71   |    0.24   |   0.05   |
|  28  |  1.9  | 1.1 |       155.62       |     0.4828     |  322   |    0.8    |    0.19   |   0.01   |
|  28  |  1.9  | 1.2 |       179.02       |     0.4885     |  366   |    0.82   |    0.16   |   0.02   |
|  28  |  1.9  | 1.3 |       155.53       |     0.4569     |  340   |    0.81   |    0.18   |   0.01   |
|  28  |  1.9  | 1.4 |       223.44       |     0.4649     |  480   |    0.87   |    0.12   |   0.0    |
|      |       |     |                    |                |        |           |           |          |
|  30  |  1.6  | 1.0 |       48.25        |     0.1251     |  385   |    0.83   |    0.08   |   0.09   |
|  30  |  1.6  | 1.1 |       51.63        |     0.1265     |  407   |    0.78   |    0.08   |   0.14   |
|  30  |  1.6  | 1.2 |       50.44        |     0.1255     |  401   |    0.79   |    0.08   |   0.13   |
|  30  |  1.6  | 1.3 |       60.35        |     0.1281     |  470   |    0.86   |    0.07   |   0.07   |
|  30  |  1.6  | 1.4 |       136.58       |     0.1274     |  1070  |    0.91   |    0.03   |   0.06   |
|  30  |  1.7  | 1.0 |       50.48        |     0.1916     |  263   |    0.78   |    0.15   |   0.07   |
|  30  |  1.7  | 1.1 |       38.89        |     0.1911     |  203   |    0.76   |    0.19   |   0.05   |
|  30  |  1.7  | 1.2 |       54.48        |     0.1874     |  290   |    0.83   |    0.13   |   0.04   |
|  30  |  1.7  | 1.3 |       66.97        |     0.1878     |  356   |    0.85   |    0.11   |   0.04   |
|  30  |  1.7  | 1.4 |       65.52        |     0.1874     |  349   |    0.85   |    0.11   |   0.04   |
|  30  |  1.8  | 1.0 |       64.25        |     0.2982     |  215   |    0.75   |    0.23   |   0.02   |
|  30  |  1.8  | 1.1 |       99.47        |     0.2947     |  337   |    0.8    |    0.15   |   0.05   |
|  30  |  1.8  | 1.2 |       109.01       |     0.2957     |  368   |    0.83   |    0.13   |   0.03   |
|  30  |  1.8  | 1.3 |       109.64       |     0.2999     |  365   |    0.85   |    0.13   |   0.02   |
|  30  |  1.8  | 1.4 |       116.83       |     0.3249     |  359   |    0.85   |    0.14   |   0.02   |
|  30  |  1.9  | 1.0 |       172.83       |     0.5379     |  321   |    0.77   |    0.2    |   0.04   |
|  30  |  1.9  | 1.1 |       158.52       |     0.5124     |  309   |    0.78   |    0.2    |   0.01   |
|  30  |  1.9  | 1.2 |       224.63       |     0.5065     |  443   |    0.85   |    0.14   |   0.01   |
|  30  |  1.9  | 1.3 |       254.12       |     0.5149     |  493   |    0.87   |    0.13   |   0.0    |
|  30  |  1.9  | 1.4 |       301.43       |     0.5102     |  590   |    0.89   |    0.11   |   0.0    |
|      |       |     |                    |                |        |           |           |          |
+------+-------+-----+--------------------+----------------+--------+-----------+-----------+----------+
